0,[17.10379000367477]
1,[19.33253992856656]
2,[22.44274007525639]
3,[24.139690176416217]
4,[24.765530391060736]
5,[24.521550062080518]
6,[22.57798009300046]
7,[19.821040150961515]
8,[16.994269981328838]
9,[13.850019979883141]
10,[13.107170149935545]
11,[15.258459979377697]
12,[17.249930023155756]
13,[21.193430094186084]
14,[23.363490285644307]
15,[24.48269035885949]
16,[24.907080013265002]
17,[24.79854991680671]
18,[23.287940200876]
19,[20.585699961682074]
20,[16.938979987879925]
21,[14.178949997270136]
22,[13.222979920928541]
23,[15.006300043237644]
24,[17.242320011112987]
25,[20.608119841909215]
26,[22.809690122174665]
27,[24.284490224866072]
28,[24.907479895511603]
29,[24.385650159601447]
30,[23.18034974866911]
31,[20.058629871666763]
32,[16.779819988165695]
33,[13.901680063971265]
34,[12.324299891372267]
35,[13.901210044275285]
36,[17.297980004303657]
37,[20.674220140187945]
38,[23.03673986358562]
39,[24.156300304991415]
40,[24.676269719145647]
41,[24.489560272633597]
42,[22.804469920238063]
43,[20.18565017548417]
44,[16.689470000164008]
45,[13.838749978404469]
46,[12.668609964771548]
47,[14.380869984494282]
48,[17.589760042279664]
49,[20.43838998039585]
50,[23.23669995363275]
51,[24.1098199209325]
52,[24.934529637678878]
53,[24.627950350921047]
54,[23.001100160787068]
55,[20.59571993599956]
56,[16.99793999745645]
57,[13.570830058603804]
58,[13.316220053422201]
59,[15.464119972001127]
60,[18.242149948712928]
61,[20.608430027248723]
62,[23.066369873608927]
63,[24.341219764767203]
64,[25.3583597730516]
65,[24.531640371417666]
66,[22.934189824360583]
67,[20.139879859011366]
68,[16.72985999633646]
69,[13.535779905520595]
70,[12.799540184428984]
71,[14.434740089733825]
72,[17.078660002525112]
73,[20.380750036644752]
74,[23.22124995774137]
75,[24.432780154740804]
76,[24.681770075739205]
77,[24.587690269555793]
78,[22.953149853845396]
79,[20.059400000617973]
80,[17.052520022104392]
81,[13.880109933518149]
82,[12.690149866971831]
83,[14.768069997255107]
84,[17.9267799699194]
85,[20.727999955809555]
86,[22.686529946486743]
87,[23.942689689162602]
88,[24.57805990383035]
89,[24.33165025068798]
90,[23.147769619225727]
91,[20.13638997758649]
92,[17.254839990360278]
93,[13.875519980774563]
94,[12.754479935542289]
95,[13.782330031132007]
96,[17.02063000564884]
97,[20.766319897025785]
98,[22.780799815279458]
99,[24.775720275818973]
100,[25.2434394634589]
101,[25.22937799149494]
102,[25.00524399227535]
103,[24.06100109504021]
104,[22.585618160022975]
105,[21.080937923333856]
106,[19.468696474839277]
107,[17.332568188679794]
108,[19.637374077041674]
109,[22.677066330077572]
110,[25.13764927164283]
111,[25.25112415706748]
112,[25.247049467613977]
113,[25.201503986119747]
114,[25.012920783072737]
115,[23.625447929536914]
116,[22.47958614218426]
117,[20.793338027948273]
118,[18.48431559467189]
119,[16.93719765699201]
120,[17.52715120598805]
121,[21.811048619201138]
122,[24.886515317966506]
123,[25.267671063153095]
124,[25.26062412640816]
125,[25.227817186283403]
126,[24.99580250373753]
127,[23.83192151657314]
128,[22.490880839947923]
129,[20.79945954550196]
130,[18.406607647306068]
131,[16.983303842940714]
132,[17.471373164555118]
133,[22.03056421555683]
134,[24.962433673736623]
135,[25.239548909506297]
136,[25.245579544731218]
137,[25.197862370719875]
138,[25.008654845588254]
139,[23.685708445481147]
140,[22.392381781742795]
141,[20.83704531555793]
142,[18.636797570746406]
143,[17.124968451047902]
144,[17.181214734044296]
145,[21.7840083604073]
146,[23.903863968029725]
147,[25.24319289574953]
148,[25.232057834772057]
149,[25.186722568055686]
150,[24.99436103097508]
151,[23.604573444039474]
152,[22.44026017310257]
153,[20.351926508504164]
154,[18.51600428701218]
155,[17.048650213031188]
156,[17.53712297315723]
157,[22.368415716504835]
158,[25.02374842469462]
159,[25.234887041180812]
160,[25.227518460020136]
161,[25.19641141458399]
162,[24.99661096132305]
163,[23.555300996784435]
164,[22.139065071613686]
165,[20.483422964583916]
166,[18.269658251499948]
167,[16.75430131688282]
168,[15.177759237411331]
169,[13.397796426869267]
170,[17.107837527214784]
171,[23.36214285633511]
172,[25.202935185227638]
173,[25.1940247656023]
174,[25.172698239304353]
175,[25.105200328865322]
176,[23.862554393337426]
177,[22.478825101465926]
178,[21.124091223878562]
179,[19.338844593769757]
180,[18.989084346628026]
181,[22.044338815474312]
182,[25.043240708513597]
183,[25.270011085548717]
184,[25.249705602457503]
185,[25.225269319953284]
186,[25.169503132737148]
187,[25.109143831652943]
188,[23.147847066775462]
189,[21.489981108674673]
190,[19.100961678769075]
191,[17.51671159239597]
192,[17.884359457542995]
193,[21.701608118892878]
194,[23.862034388360623]
195,[25.238602943005944]
196,[25.25209620284479]
197,[25.234181320140863]
198,[25.17187160525308]
199,[25.129133202296252]
200,[23.26997790130489]
201,[21.43952719114559]
202,[19.45231394722657]
203,[17.722172434177217]
204,[18.19927897609826]
205,[22.03577374869831]
206,[23.904521481921368]
207,[25.269444453985848]
208,[25.259995062636833]
209,[25.224079156586924]
210,[25.16708566279179]
211,[25.084206510918797]
212,[24.064788912447238]
213,[22.269348446174597]
214,[20.690149441578463]
215,[18.828174022411226]
216,[18.282429194395334]
217,[21.234484012936136]
218,[23.761728747515715]
219,[25.26304554775912]
220,[25.236991559802746]
221,[25.217668396143395]
222,[25.140276956366044]
223,[25.144279730237646]
224,[23.764783974324722]
225,[22.20421979853262]
226,[20.69642348338827]
227,[19.024556509829186]
228,[18.626158806312148]
229,[22.178997976595355]
230,[24.053097493561452]
231,[25.19517067322596]
232,[25.208601500856346]
233,[25.204774959674452]
234,[25.15106508393194]
235,[25.080370486363464]
236,[25.03895580428224]
237,[22.57328187174346]
238,[20.520702895846533]
239,[18.379575291323427]
240,[17.4682254748551]
241,[18.534025462526717]
242,[21.805144428955384]
243,[23.93122033927147]
244,[25.25792373582193]
245,[25.130926350156997]
246,[25.122698733419135]
247,[25.143578750884416]
248,[25.055666298559643]
249,[23.80663173045958]
250,[22.47248704688542]
251,[21.011134762868473]
252,[19.77457004055716]
253,[21.86368371262077]
254,[25.076453062852792]
255,[25.24614538601297]
256,[25.254071115363082]
257,[25.251340694094296]
258,[25.224900258670356]
259,[25.114489293147027]
260,[24.69226263816631]
261,[22.781410307444474]
262,[20.90264655130953]
263,[18.464156708728392]
264,[16.825037799350643]
265,[18.61872305125629]
266,[22.529398351444094]
267,[25.232663190109797]
268,[25.219008712922516]
269,[25.289220448726816]
270,[25.247899019817723]
271,[25.142228160450742]
272,[25.038925773599686]
273,[23.576708131756597]
274,[22.815548871256034]
275,[21.64577554806268]
276,[21.619192862037185]
277,[23.795568585064004]
278,[25.220496021989913]
279,[25.158008493850183]
280,[25.14232220390399]
281,[25.143908298111356]
282,[25.12100437069836]
283,[25.09021975995908]
284,[25.088499317961354]
285,[23.577280295287306]
286,[22.718393290954502]
287,[21.542979731409396]
288,[20.771917458197073]
289,[22.619086565444977]
290,[25.095740663861747]
291,[25.148962936153367]
292,[25.139696099743016]
293,[25.15129347517555]
294,[25.116114901410384]
295,[25.129904516669143]
296,[25.072338859343304]
297,[23.633885761052632]
298,[22.875010412988185]
299,[21.757909326427097]
300,[21.607716399615974]
301,[23.308945082758207]
302,[25.280087960106826]
303,[25.15500858671956]
304,[25.151049278309543]
305,[25.16250835454612]
306,[25.146566803798244]
307,[25.119423808458833]
308,[25.051009962201995]
309,[24.06297758812074]
310,[22.764760664813288]
311,[21.555594198643067]
312,[19.97874865122159]
313,[20.049952189831195]
314,[23.625375223673895]
315,[25.200667868695035]
316,[25.1260321391823]
317,[25.15942941930352]
318,[25.197295739157006]
319,[25.20513927927066]
320,[25.19342020054568]
321,[25.030605693970813]
322,[24.05625150551043]
323,[23.18896144203118]
324,[24.237688196391417]
325,[25.228484973829605]
326,[25.154121891303184]
327,[25.123038554300635]
328,[25.109708882653578]
329,[25.155138983104322]
330,[25.1262241774944]
331,[25.084515510836624]
332,[25.150914930519185]
333,[23.518914873468265]
334,[22.106215456308462]
335,[20.060869133219615]
336,[19.125135192800972]
337,[20.961963471596768]
338,[24.227699043037603]
339,[25.060114000701674]
340,[25.06307676461967]
341,[25.10282869522491]
342,[25.145987527737454]
343,[25.16334289140859]
344,[25.166944992752473]
345,[25.037490623086192]
346,[24.63840656041664]
347,[24.51589085898189]
348,[25.163294684260286]
349,[25.249068635874977]
350,[25.21601828916533]
351,[25.176811652532727]
352,[25.14747562708597]
353,[25.15607704679348]
354,[25.098680509627272]
355,[25.116002681491373]
356,[25.125817972998842]
357,[24.90675283688142]
358,[24.153833047335514]
359,[23.9003962144762]
360,[24.91506422341798]
361,[25.197504373372624]
362,[25.137021788433735]
363,[25.091080376098503]
364,[25.093946725719885]
365,[25.087455356602145]
366,[25.111987263121854]
367,[25.11701819273027]
368,[25.158035363408256]
369,[25.038186860752706]
370,[24.74798061823414]
371,[24.721299147068674]
372,[25.127175675962597]
373,[25.18483695730393]
374,[25.174817773267563]
375,[25.134424134393072]
376,[25.120050501386807]
377,[25.11360733941737]
378,[25.085544456854556]
379,[25.069815491727894]
380,[25.114199259976075]
381,[25.038032755934353]
382,[24.441910272517433]
383,[23.64662193157875]
384,[24.00477575449349]
385,[25.099380698699385]
386,[25.161658012061253]
387,[25.12743014648316]
388,[25.156910003093714]
389,[25.223690338276]
390,[25.261397811624413]
391,[25.228507891982076]
392,[25.156702949440334]
393,[25.1557498704099]
394,[25.10326334984078]
395,[25.15315616777483]
396,[25.15862175199912]
397,[25.1490482865143]
398,[25.14028564945836]
399,[25.093436204116518]
400,[25.0855981959707]
401,[25.099507143678544]
402,[25.079293333197224]
403,[25.06156732768092]
404,[25.12505535171827]
405,[24.732841202822826]
406,[23.627327218039714]
407,[23.423273471792204]
408,[23.733186164313203]
409,[25.093923807567414]
410,[25.11552140028944]
411,[25.11615994743421]
412,[25.159809544522126]
413,[25.176243440407617]
414,[25.19583134824208]
415,[25.158994764687648]
416,[25.159237380991417]
417,[25.08646513435908]
418,[25.180725124637796]
419,[25.185181519872145]
420,[25.181835469611066]
421,[25.215992209888377]
422,[25.218540866499616]
423,[25.198376053447724]
424,[25.158836708463696]
425,[25.165840970028164]
426,[25.17893671846377]
427,[25.180346579981432]
428,[25.188068416802643]
429,[25.209006915070788]
430,[25.21974051323942]
431,[25.203137497194298]
432,[25.184776895938825]
433,[25.155277282300283]
434,[25.179962503357224]
435,[25.234450015721585]
436,[25.26812547479696]
437,[25.144817121399086]
438,[25.13566013406438]
439,[25.1339175641953]
440,[25.174043297770194]
441,[25.172808088380002]
442,[25.187979905317228]
443,[25.18191923940976]
444,[25.184895438106793]
445,[25.154186694355005]
446,[25.134839822262066]
447,[25.13600390635148]
448,[25.138094990194375]
449,[25.170717004537106]
450,[25.185006867744676]
451,[25.193918867932254]
452,[25.184530328229457]
453,[25.17375405488036]
454,[25.174070957609384]
455,[25.16742074198657]
456,[25.173396847814224]
457,[25.165512213082344]
458,[25.138137665374842]
459,[25.14671142524316]
460,[25.147730097606534]
461,[25.149261662416638]
462,[25.145626369265724]
463,[25.13894138127364]
464,[25.143217592412682]
465,[25.160715996966495]
466,[25.16221436996957]
467,[25.146686926528446]
468,[25.14525098573384]
469,[25.13114999971389]
470,[25.121687963866957]
471,[25.115390213623556]
472,[25.119646667734607]
473,[25.13683765293283]
474,[25.138901076936534]
475,[25.147869187083614]
476,[25.139869961589362]
477,[25.136220443378292]
478,[25.13399580202616]
479,[25.13744854023841]
480,[25.147913442826322]
481,[25.129556792976445]
482,[25.112080516293986]
483,[25.103094229681155]
484,[25.10396749031849]
485,[25.098797471233]
486,[25.097565422967286]
487,[25.09306240114687]
488,[25.091469984690548]
489,[25.096594167471096]
490,[25.097681594291892]
491,[25.099012427697573]
492,[25.104278070798557]
493,[25.101755493464275]
494,[25.091073263568425]
495,[25.11652268646818]
496,[25.195241798526737]
497,[25.185292949510032]
498,[25.183766126386647]
499,[25.18875200997124]
500,[25.186256302195023]
501,[25.191664986178687]
502,[25.175664164346827]
503,[25.143016070727143]
504,[25.138919253402285]
505,[25.125646481995854]
506,[25.11106974674181]
507,[25.10635334901906]
508,[25.103882139957555]
509,[25.09774797790595]
510,[25.09536765117322]
511,[25.097811200395533]
512,[25.09834622071361]
513,[25.099029023601087]
514,[25.10059852190494]
515,[25.098492422720767]
516,[25.095925589643777]
517,[25.097333080318073]
518,[25.094494390535882]
519,[25.096960857910666]
520,[25.097269067547373]
521,[25.09858251476842]
522,[25.099185499262802]
523,[25.100525025760803]
524,[25.10187008422664]
525,[25.09817947139734]
526,[25.0977139958178]
527,[25.097674481761814]
528,[25.097343353972633]
529,[25.095280720250045]
530,[25.095713794303677]
531,[25.095884495025548]
532,[25.096890522891005]
533,[25.095298896715803]
534,[25.095415068040406]
535,[25.095861576873073]
536,[25.09693714947707]
537,[25.09740499589997]
538,[25.09650723654792]
539,[25.098301174689784]
540,[25.09637288875756]
541,[25.09191965464769]
542,[25.091430470634556]
543,[25.091978925731674]
544,[25.093161186286842]
545,[25.093606114557268]
546,[25.094110313911678]
547,[25.094221743549564]
548,[25.09413086122079]
549,[25.094254935356595]
550,[25.094941689649666]
551,[25.095252270129734]
552,[25.09386611704567]
553,[25.092710726048573]
554,[25.09326708395689]
555,[25.090671800759583]
556,[25.092217590629843]
557,[25.09185722243923]
558,[25.09153478774237]
559,[25.09149843481086]
560,[25.09192913802113]
561,[25.09182165978884]
562,[25.09172840661671]
563,[25.091531626617886]
564,[25.091198918266468]
565,[25.09101794389004]
566,[25.094120587566234]
567,[25.098769021112684]
568,[25.098935770428955]
569,[25.09915941998585]
570,[25.099428115566567]
571,[25.09955060914013]
572,[25.099276381591572]
573,[25.097662627545013]
574,[25.09556917285876]
575,[25.094725152622853]
576,[25.0935073294173]
577,[25.0923598412314]
578,[25.09195442701696]
579,[25.091631202038975]
580,[25.091199708547585]
581,[25.09113174437129]
582,[25.091341959149144]
583,[25.091597219950827]
584,[25.096461400242973]
585,[25.09232427858101]
586,[25.092043728783494]
587,[25.091904639306414]
588,[25.091882511435063]
589,[25.091711810713193]
590,[25.091771081797177]
591,[25.09179241938741]
592,[25.0918840919973]
593,[25.091600381075306]
594,[25.09169047312296]
595,[25.09155454477036]
596,[25.09102110501452]
597,[25.091002138267648]
598,[25.090928642123508]
599,[25.090927851842387]
600,[25.090889918348637]
601,[25.090851194573773]
602,[25.090934964372465]
603,[25.09108669834746]
604,[25.091008460516605]
605,[25.09105429682155]
606,[25.09119022517415]
607,[25.091334056337946]
608,[25.091371199550576]
609,[25.09138779545409]
610,[25.091402810795365]
611,[25.091099342845375]
612,[25.09078244011635]
613,[25.09072079818901]
614,[25.09074608718484]
615,[25.090837759794734]
616,[25.090886757224162]
617,[25.090942076902543]
618,[25.090997396580924]
619,[25.09101320220332]
620,[25.091074844130663]
621,[25.09112621240345]
622,[25.09112463184121]
623,[25.09101873417116]
624,[25.09095393111934]
625,[25.09095709224382]
626,[25.090892289192]
627,[25.09094918943262]
628,[25.090864629352808]
629,[25.090877273850722]
630,[25.090882015537442]
631,[25.090900982284317]
632,[25.090866209915045]
633,[25.09082195417234]
634,[25.090772166461797]
635,[25.09074687746596]
636,[25.090780859554112]
637,[25.091065360757227]
638,[25.091395698265288]
639,[25.09146129159823]
640,[25.091511079308773]
641,[25.091549012802524]
642,[25.091567979549396]
643,[25.091566398987155]
644,[25.091403601076486]
645,[25.091210772483265]
646,[25.091111197062173]
647,[25.090995816018687]
648,[25.090905723971034]
649,[25.09084882373041]
650,[25.090806148549945]
651,[25.090777698429633]
652,[25.090795084614268]
653,[25.09081721248562]
654,[25.09095788252494]
655,[25.091202869672067]
656,[25.09098317152077]
657,[25.090934174091345]
658,[25.090925480999026]
659,[25.09091994903119]
660,[25.090907304533275]
661,[25.090904143408792]
662,[25.090906514252154]
663,[25.090900982284317]
664,[25.090862258509446]
665,[25.09085751682273]
666,[25.090826695859057]
667,[25.090772166461797]
668,[25.090761892807237]
669,[25.0907524094338]
670,[25.090749248309322]
671,[25.090749248309322]
672,[25.090769005337314]
673,[25.090776117867392]
674,[25.09078323039747]
675,[25.09078244011635]
676,[25.09079350405203]
677,[25.090814841642263]
678,[25.09082985698354]
679,[25.090837759794734]
680,[25.090853565417127]
681,[25.0908124707989]
682,[25.09079350405203]
683,[25.090763473369478]
684,[25.090738974654762]
685,[25.09075478027716]
686,[25.090761102526116]
687,[25.09076505393172]
688,[25.090773747024034]
689,[25.09078244011635]
690,[25.090789552646427]
691,[25.090795874895385]
692,[25.090799036019867]
693,[25.090799826300987]
694,[25.09079350405203]
695,[25.09079113320867]
696,[25.09079192348979]
697,[25.09079113320867]
698,[25.090794294333147]
699,[25.09078481095971]
700,[25.090786391521952]
701,[25.090788762365307]
702,[25.09078797208419]
703,[25.09078164983523]
704,[25.090772956742914]
705,[25.090766634493956]
706,[25.09076505393172]
707,[25.090771376180676]
708,[25.090796665176505]
709,[25.09082353473458]
710,[25.090832227826894]
711,[25.090839340356972]
712,[25.090844082043695]
713,[25.09084803344929]
714,[25.090845662605933]
715,[25.090833018108015]
716,[25.090814841642263]
717,[25.090802987425466]
718,[25.09079350405203]
719,[25.09078481095971]
720,[25.090776908148513]
721,[25.090772166461797]
722,[25.090771376180676]
723,[25.090772956742914]
724,[25.090779278991874]
725,[25.090794294333147]
726,[25.090808519393303]
727,[25.090795084614268]
728,[25.09079350405203]
729,[25.09079192348979]
730,[25.09079192348979]
731,[25.090790342927548]
732,[25.09079113320867]
733,[25.090790342927548]
734,[25.09078797208419]
735,[25.09078402067859]
736,[25.090780859554112]
737,[25.090776908148513]
738,[25.090772956742914]
739,[25.090771376180676]
740,[25.090769005337314]
741,[25.090768215056194]
742,[25.090768215056194]
743,[25.090771376180676]
744,[25.090772956742914]
745,[25.090772166461797]
746,[25.090772956742914]
747,[25.090776908148513]
748,[25.090777698429633]
749,[25.090779278991874]
750,[25.09078244011635]
751,[25.090780859554112]
752,[25.090777698429633]
753,[25.09077532758627]
754,[25.090771376180676]
755,[25.090769795618435]
756,[25.090769005337314]
757,[25.090769795618435]
758,[25.090771376180676]
759,[25.090772166461797]
760,[25.090772956742914]
761,[25.090773747024034]
762,[25.090776908148513]
763,[25.09077532758627]
764,[25.09077532758627]
765,[25.09077532758627]
766,[25.09077453730515]
767,[25.09077453730515]
768,[25.090776117867392]
769,[25.090776117867392]
770,[25.090773747024034]
771,[25.09077453730515]
772,[25.090776117867392]
773,[25.09077453730515]
774,[25.09077453730515]
775,[25.090773747024034]
776,[25.090772956742914]
777,[25.090771376180676]
778,[25.090772166461797]
779,[25.090772956742914]
780,[25.090777698429633]
781,[25.090779278991874]
782,[25.090780859554112]
783,[25.090780859554112]
784,[25.090780859554112]
785,[25.09078164983523]
786,[25.090780859554112]
787,[25.090779278991874]
788,[25.090777698429633]
789,[25.090776117867392]
790,[25.090773747024034]
791,[25.09077453730515]
792,[25.090772956742914]
793,[25.090772956742914]
794,[25.090772956742914]
795,[25.090772956742914]
796,[25.09077453730515]
797,[25.090776117867392]
798,[25.09077453730515]
799,[25.090776117867392]
800,[25.090776117867392]
801,[25.090776117867392]
802,[25.090776908148513]
803,[25.090777698429633]
804,[25.09077532758627]
805,[25.090772956742914]
806,[25.090773747024034]
807,[25.09077453730515]
808,[25.09077453730515]
809,[25.09077453730515]
810,[25.090772956742914]
811,[25.090772956742914]
812,[25.090773747024034]
813,[25.090773747024034]
814,[25.090772956742914]
815,[25.09077453730515]
816,[25.090772956742914]
817,[25.09077453730515]
818,[25.090773747024034]
819,[25.090773747024034]
820,[25.09077453730515]
821,[25.090772956742914]
822,[25.090772956742914]
823,[25.09077453730515]
824,[25.090772956742914]
825,[25.090773747024034]
826,[25.090773747024034]
827,[25.090773747024034]
828,[25.090773747024034]
829,[25.090773747024034]
830,[25.09077453730515]
831,[25.090773747024034]
832,[25.09077532758627]
833,[25.09077453730515]
834,[25.090772956742914]
835,[25.090773747024034]
836,[25.09077453730515]
837,[25.09077453730515]
838,[25.090773747024034]
839,[25.09077453730515]
840,[25.090772956742914]
841,[25.090773747024034]
842,[25.09077453730515]
843,[25.090773747024034]
844,[25.09077532758627]
845,[25.09077453730515]
846,[25.09077453730515]
847,[25.09077532758627]
848,[25.090773747024034]
849,[25.090773747024034]
850,[25.090773747024034]
851,[25.090773747024034]
852,[25.090773747024034]
853,[25.090773747024034]
854,[25.09077453730515]
855,[25.090773747024034]
856,[25.090773747024034]
857,[25.09077453730515]
858,[25.09077532758627]
859,[25.09077532758627]
860,[25.09077453730515]
861,[25.09077453730515]
862,[25.09077453730515]
863,[25.09077453730515]
864,[25.09077453730515]
865,[25.090773747024034]
866,[25.090773747024034]
867,[25.09077453730515]
868,[25.090773747024034]
869,[25.09077453730515]
870,[25.09077453730515]
871,[25.090773747024034]
872,[25.09077532758627]
873,[25.090773747024034]
874,[25.09077453730515]
875,[25.090773747024034]
876,[25.09077453730515]
877,[25.09077532758627]
878,[25.09077453730515]
879,[25.090773747024034]
880,[25.09077453730515]
881,[25.090773747024034]
882,[25.09077453730515]
883,[25.090773747024034]
884,[25.090773747024034]
885,[25.090773747024034]
886,[25.09077453730515]
887,[25.090773747024034]
888,[25.09077453730515]
889,[25.09077453730515]
890,[25.09077453730515]
891,[25.09077453730515]
892,[25.090773747024034]
893,[25.090773747024034]
894,[25.09077453730515]
895,[25.090773747024034]
896,[25.09077453730515]
897,[25.09077453730515]
898,[25.09077453730515]
899,[25.09077532758627]
900,[25.09077453730515]
901,[25.09077453730515]
902,[25.09077453730515]
903,[25.090773747024034]
904,[25.09077532758627]
905,[25.090772956742914]
906,[25.090773747024034]
907,[25.09077453730515]
908,[25.09077453730515]
909,[25.090773747024034]
910,[25.090773747024034]
911,[25.090773747024034]
912,[25.090773747024034]
913,[25.090773747024034]
914,[25.09077453730515]
915,[25.090773747024034]
916,[25.090773747024034]
917,[25.090773747024034]
918,[25.090773747024034]
919,[25.09077532758627]
920,[25.09077532758627]
921,[25.09077532758627]
922,[25.09077453730515]
923,[25.090773747024034]
924,[25.09077453730515]
925,[25.090773747024034]
926,[25.090773747024034]
927,[25.09077532758627]
928,[25.09077532758627]
929,[25.09077532758627]
930,[25.090773747024034]
931,[25.090773747024034]
932,[25.09077453730515]
933,[25.09077453730515]
934,[25.090773747024034]
935,[25.090773747024034]
936,[25.090773747024034]
937,[25.09077453730515]
938,[25.09077453730515]
939,[25.090773747024034]
940,[25.090773747024034]
941,[25.090773747024034]
942,[25.09077453730515]
943,[25.090773747024034]
944,[25.09077453730515]
945,[25.090773747024034]
946,[25.090773747024034]
947,[25.09077453730515]
948,[25.090773747024034]
949,[25.09077532758627]
950,[25.090773747024034]
951,[25.09077453730515]
952,[25.090773747024034]
953,[25.09077453730515]
954,[25.09077532758627]
955,[25.09077453730515]
956,[25.090773747024034]
957,[25.09077453730515]
958,[25.090773747024034]
959,[25.090773747024034]
960,[25.090773747024034]
961,[25.09077532758627]
962,[25.090773747024034]
963,[25.09077453730515]
964,[25.090773747024034]
965,[25.090773747024034]
966,[25.090773747024034]
967,[25.090773747024034]
968,[25.09077532758627]
969,[25.090773747024034]
970,[25.090772956742914]
971,[25.09077453730515]
972,[25.09077453730515]
973,[25.09077453730515]
974,[25.090773747024034]
975,[25.090773747024034]
976,[25.09077453730515]
977,[25.090773747024034]
978,[25.090773747024034]
979,[25.090773747024034]
980,[25.09077453730515]
981,[25.09077532758627]
982,[25.090773747024034]
983,[25.09077453730515]
984,[25.09077453730515]
985,[25.09077453730515]
986,[25.090773747024034]
987,[25.090773747024034]
988,[25.090773747024034]
989,[25.09077532758627]
990,[25.09077453730515]
991,[25.090772956742914]
992,[25.090772956742914]
993,[25.090772166461797]
994,[25.090773747024034]
995,[25.090773747024034]
996,[25.090773747024034]
997,[25.090773747024034]
998,[25.09077453730515]
999,[25.090772956742914]
1000,[25.090773747024034]
1001,[25.090773747024034]
1002,[25.090773747024034]
1003,[25.09077453730515]
1004,[25.09077532758627]
1005,[25.09077453730515]
1006,[25.09077453730515]
1007,[25.09077453730515]
1008,[25.09077453730515]
1009,[25.090773747024034]
1010,[25.090773747024034]
1011,[25.09077532758627]
1012,[25.09077453730515]
1013,[25.09077453730515]
1014,[25.09077453730515]
1015,[25.09077453730515]
1016,[25.090773747024034]
1017,[25.09077453730515]
1018,[25.090773747024034]
1019,[25.09077453730515]
1020,[25.090773747024034]
1021,[25.090773747024034]
1022,[25.090773747024034]
1023,[25.09077453730515]
1024,[25.09077453730515]
1025,[25.090772956742914]
1026,[25.090772956742914]
1027,[25.090772956742914]
1028,[25.090772956742914]
1029,[25.090772956742914]
1030,[25.090772166461797]
1031,[25.090773747024034]
1032,[25.09077532758627]
1033,[25.090773747024034]
1034,[25.090773747024034]
1035,[25.09077453730515]
1036,[25.090773747024034]
1037,[25.090773747024034]
1038,[25.090773747024034]
1039,[25.09077453730515]
1040,[25.090773747024034]
1041,[25.090773747024034]
1042,[25.090773747024034]
1043,[25.09077453730515]
1044,[25.090773747024034]
1045,[25.090773747024034]
1046,[25.090773747024034]
1047,[25.090773747024034]
1048,[25.09077453730515]
1049,[25.09077453730515]
1050,[25.09077453730515]
1051,[25.09077453730515]
1052,[25.090772956742914]
1053,[25.090772956742914]
1054,[25.09077453730515]
1055,[25.090773747024034]
1056,[25.090773747024034]
1057,[25.09077453730515]
1058,[25.09077453730515]
1059,[25.09077532758627]
1060,[25.090773747024034]
1061,[25.090773747024034]
1062,[25.09077453730515]
1063,[25.09077453730515]
1064,[25.090773747024034]
1065,[25.09077453730515]
1066,[25.09077453730515]
1067,[25.090773747024034]
1068,[25.09077453730515]
1069,[25.09077532758627]
1070,[25.090773747024034]
1071,[25.090773747024034]
1072,[25.090773747024034]
1073,[25.09077453730515]
1074,[25.09077453730515]
1075,[25.090773747024034]
1076,[25.09077453730515]
1077,[25.090773747024034]
1078,[25.09077453730515]
1079,[25.09077532758627]
1080,[25.090773747024034]
1081,[25.09077453730515]
1082,[25.090772956742914]
1083,[25.090773747024034]
1084,[25.090773747024034]
1085,[25.09077453730515]
1086,[25.090773747024034]
1087,[25.09077532758627]
1088,[25.090773747024034]
1089,[25.09077453730515]
1090,[25.09077453730515]
1091,[25.090773747024034]
1092,[25.090773747024034]
1093,[25.090773747024034]
1094,[25.090773747024034]
1095,[25.09077453730515]
1096,[25.09077453730515]
1097,[25.09077453730515]
1098,[25.09077453730515]
1099,[25.090773747024034]
1100,[25.090773747024034]
1101,[25.090773747024034]
1102,[25.090773747024034]
1103,[25.090773747024034]
1104,[25.090773747024034]
1105,[25.09077453730515]
1106,[25.09077453730515]
1107,[25.090773747024034]
1108,[25.090773747024034]
1109,[25.090773747024034]
1110,[25.09077453730515]
1111,[25.090773747024034]
1112,[25.090773747024034]
1113,[25.09077532758627]
1114,[25.090773747024034]
1115,[25.090773747024034]
1116,[25.090773747024034]
1117,[25.09077453730515]
1118,[25.09077532758627]
1119,[25.09077453730515]
1120,[25.09077453730515]
1121,[25.090772956742914]
1122,[25.090772956742914]
1123,[25.09077532758627]
1124,[25.090773747024034]
1125,[25.09077453730515]
1126,[25.090773747024034]
1127,[25.090773747024034]
1128,[25.09077453730515]
1129,[25.09077453730515]
1130,[25.090772956742914]
1131,[25.090773747024034]
1132,[25.09077453730515]
1133,[25.09077453730515]
1134,[25.09077532758627]
1135,[25.09077453730515]
1136,[25.090773747024034]
1137,[25.090773747024034]
1138,[25.09077453730515]
1139,[25.09077453730515]
1140,[25.090772956742914]
1141,[25.090773747024034]
1142,[25.090773747024034]
1143,[25.09077453730515]
1144,[25.09077453730515]
1145,[25.090773747024034]
1146,[25.090773747024034]
1147,[25.09077532758627]
1148,[25.090773747024034]
1149,[25.09077532758627]
1150,[25.090773747024034]
1151,[25.090773747024034]
1152,[25.09077453730515]
1153,[25.090773747024034]
1154,[25.09077453730515]
1155,[25.090773747024034]
1156,[25.09077532758627]
1157,[25.09077453730515]
1158,[25.090772166461797]
1159,[25.090773747024034]
1160,[25.09077453730515]
1161,[25.09077453730515]
1162,[25.090773747024034]
1163,[25.09077453730515]
1164,[25.090773747024034]
1165,[25.090773747024034]
1166,[25.09077453730515]
1167,[25.090773747024034]
1168,[25.09077453730515]
1169,[25.090773747024034]
1170,[25.090773747024034]
1171,[25.09077453730515]
1172,[25.09077453730515]
1173,[25.09077453730515]
1174,[25.090773747024034]
1175,[25.09077453730515]
1176,[25.09077453730515]
1177,[25.090772956742914]
1178,[25.090772956742914]
1179,[25.090773747024034]
1180,[25.09077453730515]
1181,[25.09077453730515]
1182,[25.090773747024034]
1183,[25.09077453730515]
1184,[25.090772956742914]
1185,[25.090772956742914]
1186,[25.090773747024034]
1187,[25.09077532758627]
1188,[25.09077453730515]
1189,[25.090772956742914]
1190,[25.090773747024034]
1191,[25.09077453730515]
1192,[25.09077453730515]
1193,[25.09077532758627]
1194,[25.09077453730515]
1195,[25.09077453730515]
1196,[25.090773747024034]
1197,[25.090773747024034]
1198,[25.09077532758627]
1199,[25.09077453730515]
1200,[25.090773747024034]
1201,[25.090773747024034]
1202,[25.09077453730515]
1203,[25.090773747024034]
1204,[25.09077453730515]
1205,[25.090773747024034]
1206,[25.090773747024034]
1207,[25.09077532758627]
1208,[25.09077453730515]
1209,[25.09077453730515]
1210,[25.09077453730515]
1211,[25.090773747024034]
1212,[25.090773747024034]
1213,[25.090773747024034]
1214,[25.09077453730515]
1215,[25.090773747024034]
1216,[25.09077453730515]
1217,[25.09077453730515]
1218,[25.090772956742914]
1219,[25.090772956742914]
1220,[25.090772956742914]
1221,[25.090772956742914]
1222,[25.090772956742914]
1223,[25.090773747024034]
1224,[25.090773747024034]
1225,[25.09077453730515]
1226,[25.09077453730515]
1227,[25.090772166461797]
1228,[25.090773747024034]
1229,[25.090773747024034]
1230,[25.090773747024034]
1231,[25.09077532758627]
1232,[25.09077453730515]
1233,[25.090773747024034]
1234,[25.09077453730515]
1235,[25.090772956742914]
1236,[25.090772956742914]
1237,[25.090772956742914]
1238,[25.090772956742914]
1239,[25.090772956742914]
1240,[25.090773747024034]
1241,[25.09077453730515]
1242,[25.090772956742914]
1243,[25.090772956742914]
1244,[25.09077453730515]
1245,[25.09077453730515]
1246,[25.09077453730515]
1247,[25.090773747024034]
1248,[25.090773747024034]
1249,[25.090773747024034]
1250,[25.09077532758627]
1251,[25.090773747024034]
1252,[25.090773747024034]
1253,[25.090773747024034]
1254,[25.09077453730515]
1255,[25.09077453730515]
1256,[25.09077453730515]
1257,[25.09077453730515]
1258,[25.090773747024034]
1259,[25.09077453730515]
1260,[25.09077532758627]
1261,[25.09077453730515]
1262,[25.090773747024034]
1263,[25.09077453730515]
1264,[25.090773747024034]
1265,[25.09077453730515]
1266,[25.090773747024034]
1267,[25.09077453730515]
1268,[25.090773747024034]
1269,[25.090772956742914]
1270,[25.090773747024034]
1271,[25.090773747024034]
1272,[25.09077453730515]
1273,[25.090773747024034]
1274,[25.09077453730515]
1275,[25.09077532758627]
1276,[25.09077453730515]
1277,[25.09077453730515]
1278,[25.090772956742914]
1279,[25.090772956742914]
1280,[25.090771376180676]
1281,[25.090772956742914]
1282,[25.090773747024034]
1283,[25.09077453730515]
1284,[25.09077532758627]
1285,[25.09077532758627]
1286,[25.09077453730515]
1287,[25.09077453730515]
1288,[25.09077453730515]
1289,[25.09077453730515]
1290,[25.090773747024034]
1291,[25.090773747024034]
1292,[25.090773747024034]
1293,[25.090773747024034]
1294,[25.090773747024034]
1295,[25.09077453730515]
1296,[25.09077453730515]
1297,[25.09077453730515]
1298,[25.090773747024034]
1299,[25.090773747024034]
1300,[25.09077453730515]
1301,[25.09077453730515]
1302,[25.090773747024034]
1303,[25.090773747024034]
1304,[25.090773747024034]
1305,[25.09077453730515]
1306,[25.09077453730515]
1307,[25.09077453730515]
1308,[25.09077453730515]
1309,[25.090773747024034]
1310,[25.090773747024034]
1311,[25.090773747024034]
1312,[25.090773747024034]
1313,[25.090773747024034]
1314,[25.090773747024034]
1315,[25.090773747024034]
1316,[25.090773747024034]
1317,[25.09077453730515]
1318,[25.090773747024034]
1319,[25.09077453730515]
1320,[25.09077532758627]
1321,[25.09077453730515]
1322,[25.09077453730515]
1323,[25.090773747024034]
1324,[25.090773747024034]
1325,[25.09077453730515]
1326,[25.090773747024034]
1327,[25.09077453730515]
1328,[25.090773747024034]
1329,[25.090773747024034]
1330,[25.090773747024034]
1331,[25.09077453730515]
1332,[25.09077532758627]
1333,[25.090773747024034]
1334,[25.090773747024034]
1335,[25.09077453730515]
1336,[25.09077453730515]
1337,[25.090773747024034]
1338,[25.09077453730515]
1339,[25.090773747024034]
1340,[25.09077453730515]
1341,[25.090773747024034]
1342,[25.090773747024034]
1343,[25.09077453730515]
1344,[25.09077453730515]
1345,[25.09077453730515]
1346,[25.090772956742914]
1347,[25.09077453730515]
1348,[25.090773747024034]
1349,[25.090773747024034]
1350,[25.090773747024034]
1351,[25.090773747024034]
1352,[25.090773747024034]
1353,[25.09077453730515]
1354,[25.09077453730515]
1355,[25.090773747024034]
1356,[25.09077453730515]
1357,[25.090773747024034]
1358,[25.09077532758627]
1359,[25.09077453730515]
1360,[25.090773747024034]
1361,[25.090773747024034]
1362,[25.09077453730515]
1363,[25.09077453730515]
1364,[25.090773747024034]
1365,[25.090773747024034]
1366,[25.090773747024034]
1367,[25.09077532758627]
1368,[25.090773747024034]
1369,[25.090773747024034]
1370,[25.090773747024034]
1371,[25.090773747024034]
1372,[25.09077453730515]
1373,[25.09077453730515]
1374,[25.09077453730515]
1375,[25.090773747024034]
1376,[25.09077453730515]
1377,[25.090773747024034]
1378,[25.090773747024034]
1379,[25.090773747024034]
1380,[25.090773747024034]
1381,[25.090773747024034]
1382,[25.09077453730515]
1383,[25.09077532758627]
1384,[25.09077453730515]
1385,[25.090773747024034]
1386,[25.090773747024034]
1387,[25.090773747024034]
1388,[25.090773747024034]
1389,[25.090773747024034]
1390,[25.090773747024034]
1391,[25.09077532758627]
1392,[25.09077453730515]
1393,[25.090773747024034]
1394,[25.09077453730515]
1395,[25.09077453730515]
1396,[25.09077453730515]
1397,[25.09077453730515]
1398,[25.090773747024034]
1399,[25.090773747024034]
1400,[25.09077453730515]
1401,[25.09077532758627]
1402,[25.09077453730515]
1403,[25.090773747024034]
1404,[25.09077453730515]
1405,[25.09077453730515]
1406,[25.09077453730515]
1407,[25.090773747024034]
1408,[25.090773747024034]
1409,[25.09077453730515]
1410,[25.090773747024034]
1411,[25.090773747024034]
1412,[25.090773747024034]
1413,[25.09077532758627]
1414,[25.090773747024034]
1415,[25.09077532758627]
1416,[25.090773747024034]
1417,[25.090773747024034]
1418,[25.090773747024034]
1419,[25.09077532758627]
1420,[25.09077453730515]
1421,[25.090773747024034]
1422,[25.090773747024034]
1423,[25.090773747024034]
1424,[25.09077453730515]
1425,[25.09077453730515]
1426,[25.090773747024034]
1427,[25.090773747024034]
1428,[25.09077453730515]
1429,[25.090773747024034]
1430,[25.090773747024034]
1431,[25.090773747024034]
1432,[25.09077453730515]
1433,[25.09077532758627]
1434,[25.090773747024034]
1435,[25.09077453730515]
1436,[25.09077532758627]
1437,[25.090773747024034]
1438,[25.09077453730515]
1439,[25.09077453730515]
1440,[25.09077453730515]
1441,[25.090773747024034]
1442,[25.090773747024034]
1443,[25.09077453730515]
1444,[25.090773747024034]
1445,[25.090773747024034]
1446,[25.09077453730515]
1447,[25.09077453730515]
1448,[25.09077453730515]
1449,[25.09077453730515]
1450,[25.09077453730515]
1451,[25.090773747024034]
1452,[25.09077532758627]
1453,[25.09077532758627]
1454,[25.09077532758627]
1455,[25.09077532758627]
1456,[25.090773747024034]
1457,[25.090773747024034]
1458,[25.09077453730515]
1459,[25.090773747024034]
1460,[25.090773747024034]
1461,[25.09077453730515]
1462,[25.090772956742914]
1463,[25.090772956742914]
1464,[25.090772956742914]
1465,[25.090772956742914]
1466,[25.090772956742914]
1467,[25.090773747024034]
1468,[25.090773747024034]
1469,[25.09077453730515]
1470,[25.090773747024034]
1471,[25.09077453730515]
1472,[25.09077453730515]
1473,[25.09077453730515]
1474,[25.090773747024034]
1475,[25.090773747024034]
1476,[25.090773747024034]
1477,[25.090773747024034]
1478,[25.09077453730515]
1479,[25.09077453730515]
1480,[25.09077453730515]
1481,[25.09077532758627]
1482,[25.090773747024034]
1483,[25.090773747024034]
1484,[25.09077453730515]
1485,[25.09077453730515]
1486,[25.090772956742914]
1487,[25.090772166461797]
1488,[25.090773747024034]
1489,[25.090773747024034]
1490,[25.09077453730515]
1491,[25.09077453730515]
1492,[25.090773747024034]
1493,[25.09077532758627]
1494,[25.09077532758627]
1495,[25.09077453730515]
1496,[25.09077453730515]
1497,[25.090773747024034]
1498,[25.09077453730515]
1499,[25.09077532758627]
1500,[25.090773747024034]
1501,[25.09077453730515]
1502,[25.09077532758627]
1503,[25.090773747024034]
1504,[25.09077453730515]
1505,[25.09077532758627]
1506,[25.090776117867392]
1507,[25.09077453730515]
1508,[25.09077453730515]
1509,[25.09077453730515]
1510,[25.090773747024034]
1511,[25.09077453730515]
1512,[25.09077453730515]
1513,[25.090773747024034]
1514,[25.090773747024034]
1515,[25.09077453730515]
1516,[25.09077453730515]
1517,[25.09077453730515]
1518,[25.09077453730515]
1519,[25.090773747024034]
1520,[25.090773747024034]
1521,[25.09077453730515]
1522,[25.090772956742914]
1523,[25.090772956742914]
1524,[25.090772956742914]
1525,[25.090772956742914]
1526,[25.090772956742914]
1527,[25.090772166461797]
1528,[25.090773747024034]
1529,[25.090773747024034]
1530,[25.090773747024034]
1531,[25.09077453730515]
1532,[25.09077453730515]
1533,[25.09077453730515]
1534,[25.09077532758627]
1535,[25.09077532758627]
1536,[25.09077453730515]
1537,[25.09077453730515]
1538,[25.09077453730515]
1539,[25.090773747024034]
1540,[25.090773747024034]
1541,[25.09077532758627]
1542,[25.09077532758627]
1543,[25.09077453730515]
1544,[25.09077453730515]
1545,[25.09077453730515]
1546,[25.090773747024034]
1547,[25.09077453730515]
1548,[25.090773747024034]
1549,[25.090773747024034]
1550,[25.09077453730515]
1551,[25.090773747024034]
1552,[25.09077453730515]
1553,[25.09077532758627]
1554,[25.09077532758627]
1555,[25.09077453730515]
1556,[25.09077453730515]
1557,[25.09077453730515]
1558,[25.090773747024034]
1559,[25.09077453730515]
1560,[25.090773747024034]
1561,[25.09077453730515]
1562,[25.09077532758627]
1563,[25.09077453730515]
1564,[25.090773747024034]
1565,[25.09077453730515]
1566,[25.09077453730515]
1567,[25.09077453730515]
1568,[25.090772956742914]
1569,[25.090772956742914]
1570,[25.090772956742914]
1571,[25.090773747024034]
1572,[25.09077453730515]
1573,[25.090772956742914]
1574,[25.090772956742914]
1575,[25.090772956742914]
1576,[25.090772956742914]
1577,[25.090773747024034]
1578,[25.090773747024034]
1579,[25.090773747024034]
1580,[25.09077453730515]
1581,[25.09077453730515]
1582,[25.09077453730515]
1583,[25.09077453730515]
1584,[25.09077453730515]
1585,[25.09077532758627]
1586,[25.09077532758627]
1587,[25.09077532758627]
1588,[25.09077453730515]
1589,[25.09077453730515]
1590,[25.09077453730515]
1591,[25.09077453730515]
1592,[25.09077453730515]
1593,[25.090773747024034]
1594,[25.090773747024034]
1595,[25.09077532758627]
1596,[25.09077453730515]
1597,[25.09077453730515]
1598,[25.090772956742914]
1599,[25.090773747024034]