0,17.10379000367477
1,19.33253992856656
2,22.44274007525639
3,24.139690176416217
4,24.765530391060736
5,24.521550062080518
6,22.57798009300046
7,19.821040150961515
8,16.994269981328838
9,13.850019979883141
10,13.107170149935545
11,15.258459979377697
12,17.249930023155756
13,21.193430094186084
14,23.363490285644307
15,24.48269035885949
16,24.907080013265002
17,24.79854991680671
18,23.287940200876
19,20.585699961682074
20,16.938979987879925
21,14.178949997270136
22,13.222979920928541
23,15.006300043237644
24,17.242320011112987
25,20.608119841909215
26,22.809690122174665
27,24.284490224866072
28,24.907479895511603
29,24.385650159601447
30,23.18034974866911
31,20.058629871666763
32,16.779819988165695
33,13.901680063971265
34,12.324299891372267
35,13.901210044275285
36,17.297980004303657
37,20.674220140187945
38,23.03673986358562
39,24.156300304991415
40,24.676269719145647
41,24.489560272633597
42,22.804469920238063
43,20.18565017548417
44,16.689470000164008
45,13.838749978404469
46,12.668609964771548
47,14.380869984494282
48,17.589760042279664
49,20.43838998039585
50,23.23669995363275
51,24.1098199209325
52,24.934529637678878
53,24.627950350921047
54,23.001100160787068
55,20.59571993599956
56,16.99793999745645
57,13.570830058603804
58,13.316220053422201
59,15.464119972001127
60,18.242149948712928
61,20.608430027248723
62,23.066369873608927
63,24.341219764767203
64,25.3583597730516
65,24.531640371417666
66,22.934189824360583
67,20.139879859011366
68,16.72985999633646
69,13.535779905520595
70,12.799540184428984
71,14.434740089733825
72,17.078660002525112
73,20.380750036644752
74,23.22124995774137
75,24.432780154740804
76,24.681770075739205
77,24.587690269555793
78,22.953149853845396
79,20.059400000617973
80,17.052520022104392
81,13.880109933518149
82,12.690149866971831
83,14.768069997255107
84,17.9267799699194
85,20.727999955809555
86,22.686529946486743
87,23.942689689162602
88,24.57805990383035
89,24.33165025068798
90,23.147769619225727
91,20.13638997758649
92,17.254839990360278
93,13.875519980774563
94,12.754479935542289
95,13.782330031132007
96,17.02063000564884
97,20.766319897025785
98,22.780799815279458
99,24.775720275818973
100,25.24387095695029
101,25.229735988842194
102,25.005959986969856
103,24.067586507611203
104,22.588360040368
105,21.084224307370395
106,19.470234757038895
107,17.348742872358
108,19.656548272709944
109,22.68188664976757
110,25.137846841922766
111,25.251452914013303
112,25.247371902310842
113,25.201771101138227
114,25.013477140981053
115,23.631695892069768
116,22.48189731931901
117,20.793930343647535
118,18.48897114074842
119,16.941149062590828
120,17.538054319456872
121,21.855829503712
122,24.924504131393554
123,25.268050398090583
124,25.260917320703594
125,25.22810010692428
126,24.996362813051444
127,23.838675259022644
128,22.493218096359627
129,20.80077101702021
130,18.406195515702112
131,16.97463920074362
132,17.480543191528298
133,22.034859788583304
134,24.962888085380484
135,25.23994642090954
136,25.245884593243446
137,25.19814213023627
138,25.009179592251776
139,23.69192005508249
140,22.400254167117325
141,20.83955485325374
142,18.640648215502456
143,17.130006888326957
144,17.188248631150756
145,21.786733644848802
146,23.90360949750916
147,25.2435595861891
148,25.232388172280118
149,25.18700232757208
150,24.994981401654094
151,23.610489488502026
152,22.442788677545252
153,20.354515864593072
154,18.518523703221987
155,17.050834154905655
156,17.54596542860627
157,22.371570123594374
158,25.02368915361064
159,25.235239506560227
160,25.227815605721165
161,25.19668327128919
162,24.997111999552978
163,23.551811115359556
164,22.140106266988976
165,20.484905136824032
166,18.276792514308617
167,16.75532907747907
168,15.177319643538462
169,13.398379851905931
170,17.109569428288744
171,23.36398816274976
172,25.20341488586734
173,25.19450367596088
174,25.173339947573602
175,25.105759847898113
176,23.86996881080305
177,22.483203654009976
178,21.127572017070563
179,19.34603101513233
180,18.997672726697058
181,22.047085437506052
182,25.0426969951032
183,25.270388049642847
184,25.25013472510554
185,25.225647074328535
186,25.169894321891434
187,25.11106579533621
188,23.13368759995265
189,21.489442532091555
190,19.102824371368357
191,17.52092892759159
192,17.912639272273186
193,21.72332939061015
194,23.872570416249314
195,25.238991761316868
196,25.25260198276144
197,25.23466102078056
198,25.17247538002858
199,25.12927387233557
200,23.277272196040308
201,21.440881337844303
202,19.45261781031712
203,17.740060447323074
204,18.217494560768255
205,22.04273731078511
206,23.90837015097462
207,25.270057712134786
208,25.260542727452826
209,25.224818859715022
210,25.16776214343031
211,25.0854101090642
212,24.078067215821513
213,22.273950648275544
214,20.691151913178885
215,18.831178671228567
216,18.31269340501725
217,21.25562205718702
218,23.76283830220786
219,25.263597954261833
220,25.237532902369782
221,25.218208948429314
222,25.14087836029818
223,25.144415658590248
224,23.771841184724213
225,22.211692301660545
226,20.70994400792575
227,19.032326553798704
228,18.63524427320551
229,22.185913331533847
230,24.07981057597171
231,25.194816627284304
232,25.209144423985624
233,25.205294174370135
234,25.15132903782594
235,25.08077115889118
236,25.039131246690825
237,22.57847125271639
238,20.521774912185496
239,18.379603741443738
240,17.472056362583153
241,18.54585794659238
242,21.812762343809347
243,23.932013781515714
244,25.258303070759418
245,25.131628910072465
246,25.12348427285218
247,25.14402367915484
248,25.059683297491404
249,23.815599050325538
250,22.476113251803458
251,21.01690262962107
252,19.78280358440342
253,21.879704686621185
254,25.07715799361162
255,25.246327150670517
256,25.254231542430393
257,25.251484525258093
258,25.225011688308243
259,25.11423956431318
260,24.694402719438628
261,22.785287031477473
262,20.920438545299334
263,18.470262815800247
264,16.829253553984024
265,18.630713986686466
266,22.5340029243884
267,25.233480340787633
268,25.219474978783175
269,25.289667747840603
270,25.248473554191794
271,25.14322549522388
272,25.041679113020944
273,23.58464255419903
274,22.823012681291644
275,21.659666714445333
276,21.626632173358082
277,23.806234219056336
278,25.22134478391254
279,25.158800355532186
280,25.142993152574668
281,25.144575295376438
282,25.121671367963444
283,25.09104797457259
284,25.090779278991874
285,23.584016651552176
286,22.72422833160228
287,21.549274715668876
288,20.788305912918176
289,22.639939318211624
290,25.08529788914519
291,25.149503488439287
292,25.14031568014091
293,25.151849042802745
294,25.11664992172846
295,25.131303314251124
296,25.074741313947385
297,23.64594466065911
298,22.88178825901184
299,21.79698042984766
300,21.638970042199837
301,23.354892027061275
302,25.2635805680772
303,25.155553880692196
304,25.15166569758296
305,25.161983607882597
306,25.14693823592453
307,25.11979524058512
308,25.051644557941167
309,24.074438244919556
310,22.768997757036903
311,21.564272670759756
312,19.986406080131545
313,20.067211534346278
314,23.628379872491237
315,25.20106775094164
316,25.1270278933932
317,25.1604362374501
318,25.198273316902153
319,25.20593746320162
320,25.19347472994295
321,25.03446542695974
322,24.066522789224003
323,23.19853016582928
324,24.253961665209594
325,25.225814613925923
326,25.154920075234145
327,25.1239489581506
328,25.110278675340926
329,25.155708775791673
330,25.12679713130623
331,25.085081352118372
332,25.15100028088012
333,23.533489237878953
334,22.19213126338415